,Pclass,Sex,Age,SibSp,Parch,Fare,Cabin,Embarked,Specialtitle
331,0.3333333333333333,0.0,1.5166666666666666,0.0,0.0,0.285,1,0.0,6.0
733,0.6666666666666666,0.0,0.7666666666666667,0.0,0.0,0.13,0,0.0,6.0
382,1.0,0.0,1.0666666666666667,0.0,0.0,0.07925,0,0.0,6.0
704,1.0,0.0,0.8666666666666667,0.2,0.0,0.078542,0,0.0,6.0
813,1.0,0.5,0.2,0.8,0.4,0.31275,0,0.0,8.0
118,0.3333333333333333,0.0,0.8,0.0,0.2,2.4752080000000003,1,1.0,6.0
536,0.3333333333333333,0.0,1.5,0.0,0.0,0.2655,1,0.0,3.0
361,0.6666666666666666,0.0,0.9666666666666667,0.2,0.0,0.277208,0,1.0,6.0
29,1.0,0.0,1.0792180999999998,0.0,0.0,0.078958,0,0.0,6.0
55,0.3333333333333333,0.0,1.0792180999999998,0.0,0.0,0.355,1,0.0,6.0
865,0.6666666666666666,0.5,1.4,0.0,0.0,0.13,0,0.0,7.0
595,1.0,0.0,1.2,0.2,0.2,0.2415,0,0.0,6.0
239,0.6666666666666666,0.0,1.1,0.0,0.0,0.12275,0,0.0,6.0
721,1.0,0.0,0.5666666666666667,0.2,0.0,0.070542,0,0.0,6.0
81,1.0,0.0,0.9666666666666667,0.0,0.0,0.095,0,0.0,6.0
259,0.6666666666666666,0.5,1.6666666666666667,0.0,0.2,0.26,0,0.0,7.0
486,0.3333333333333333,0.5,1.1666666666666667,0.2,0.0,0.9,1,0.0,7.0
716,0.3333333333333333,0.5,1.2666666666666666,0.0,0.0,2.27525,1,1.0,8.0
800,0.6666666666666666,0.0,1.1333333333333333,0.0,0.0,0.13,0,0.0,6.0
781,0.3333333333333333,0.5,0.5666666666666667,0.2,0.0,0.57,1,0.0,7.0
542,1.0,0.5,0.36666666666666664,0.8,0.4,0.31275,0,0.0,8.0
326,1.0,0.0,2.033333333333333,0.0,0.0,0.062375,0,0.0,6.0
534,1.0,0.5,1.0,0.0,0.0,0.086625,0,0.0,8.0
535,0.6666666666666666,0.5,0.23333333333333334,0.0,0.4,0.2625,0,0.0,8.0
483,1.0,0.5,2.1,0.0,0.0,0.095875,0,0.0,7.0
762,1.0,0.0,0.6666666666666666,0.0,0.0,0.072292,0,1.0,6.0
533,1.0,0.5,1.1966049333333333,0.0,0.4,0.223583,0,1.0,7.0
713,1.0,0.0,0.9666666666666667,0.0,0.0,0.094833,0,0.0,6.0
390,0.3333333333333333,0.0,1.2,0.2,0.4,1.2,1,0.0,6.0
495,1.0,0.0,1.0792180999999998,0.0,0.0,0.144583,0,1.0,6.0
482,1.0,0.0,1.6666666666666667,0.0,0.0,0.0805,0,0.0,6.0
377,0.3333333333333333,0.0,0.9,0.0,0.4,2.115,1,1.0,6.0
365,1.0,0.0,1.0,0.0,0.0,0.0725,0,0.0,6.0
412,0.3333333333333333,0.5,1.1,0.2,0.0,0.9,1,0.5,8.0
468,1.0,0.0,1.0792180999999998,0.0,0.0,0.07725,0,0.5,6.0
409,1.0,0.5,0.7257991,0.6,0.2,0.254667,0,0.0,8.0
7,1.0,0.0,0.06666666666666667,0.6,0.2,0.21075,0,0.0,9.0
580,0.6666666666666666,0.5,0.8333333333333334,0.2,0.2,0.3,0,0.0,8.0
155,0.3333333333333333,0.0,1.7,0.0,0.2,0.613792,0,1.0,6.0
880,0.6666666666666666,0.5,0.8333333333333334,0.0,0.2,0.26,0,0.0,7.0
425,1.0,0.0,1.0792180999999998,0.0,0.0,0.0725,0,0.0,6.0
101,1.0,0.0,1.0792180999999998,0.0,0.0,0.078958,0,0.0,6.0
199,0.6666666666666666,0.5,0.8,0.0,0.0,0.13,0,0.0,8.0
424,1.0,0.0,0.6,0.2,0.2,0.202125,0,0.0,6.0
298,0.3333333333333333,0.0,1.0792180999999998,0.0,0.0,0.305,1,0.0,6.0
884,1.0,0.0,0.8333333333333334,0.0,0.0,0.0705,0,0.0,6.0
247,0.6666666666666666,0.5,0.8,0.0,0.4,0.145,0,0.0,7.0
478,1.0,0.0,0.7333333333333333,0.0,0.0,0.075208,0,0.0,6.0
305,0.3333333333333333,0.0,0.03066666666666667,0.2,0.4,1.5155,1,0.0,9.0
316,0.6666666666666666,0.5,0.8,0.2,0.0,0.26,0,0.0,7.0
2,1.0,0.5,0.8666666666666667,0.0,0.0,0.07925,0,0.0,8.0
405,0.6666666666666666,0.0,1.1333333333333333,0.2,0.0,0.21,0,0.0,6.0
742,0.3333333333333333,0.5,0.7,0.4,0.4,2.62375,1,1.0,8.0
260,1.0,0.0,1.0792180999999998,0.0,0.0,0.0775,0,0.5,6.0
367,1.0,0.5,1.1966049333333333,0.0,0.0,0.072292,0,1.0,7.0
158,1.0,0.0,1.0792180999999998,0.0,0.0,0.086625,0,0.0,6.0
554,1.0,0.5,0.7333333333333333,0.0,0.0,0.07775,0,0.0,8.0
829,0.3333333333333333,0.5,2.066666666666667,0.0,0.0,0.8,1,0.0,7.0
677,1.0,0.5,0.6,0.0,0.0,0.09841699999999999,0,0.0,8.0
380,0.3333333333333333,0.5,1.4,0.0,0.0,2.27525,0,1.0,8.0
626,0.6666666666666666,0.0,1.9,0.0,0.0,0.1235,0,0.5,2.0
302,1.0,0.0,0.6333333333333333,0.0,0.0,0.0,0,0.0,6.0
432,0.6666666666666666,0.5,1.4,0.2,0.0,0.26,0,0.0,7.0
522,1.0,0.0,1.0792180999999998,0.0,0.0,0.07225,0,1.0,6.0
404,1.0,0.5,0.6666666666666666,0.0,0.0,0.086625,0,0.0,8.0
843,1.0,0.0,1.15,0.0,0.0,0.064375,0,1.0,6.0
355,1.0,0.0,0.9333333333333333,0.0,0.0,0.095,0,0.0,6.0
464,1.0,0.0,1.0792180999999998,0.0,0.0,0.0805,0,0.0,6.0
753,1.0,0.0,0.7666666666666667,0.0,0.0,0.078958,0,0.0,6.0
212,1.0,0.0,0.7333333333333333,0.0,0.0,0.0725,0,0.0,6.0
449,0.3333333333333333,0.0,1.7333333333333334,0.0,0.0,0.305,1,0.0,3.0
79,1.0,0.5,1.0,0.0,0.0,0.12475,0,0.0,8.0
148,0.6666666666666666,0.0,1.2166666666666666,0.0,0.4,0.26,1,0.0,6.0
428,1.0,0.0,1.0792180999999998,0.0,0.0,0.0775,0,0.5,6.0
60,1.0,0.0,0.7333333333333333,0.0,0.0,0.072292,0,1.0,6.0
660,0.3333333333333333,0.0,1.6666666666666667,0.4,0.0,1.3365,0,0.0,10.0
804,1.0,0.0,0.9,0.0,0.0,0.06974999999999999,0,0.0,6.0
588,1.0,0.0,0.7333333333333333,0.0,0.0,0.0805,0,0.0,6.0
765,0.3333333333333333,0.5,1.7,0.2,0.0,0.7795829999999999,1,0.0,7.0
265,0.6666666666666666,0.0,1.2,0.0,0.0,0.105,0,0.0,6.0
133,0.6666666666666666,0.5,0.9666666666666667,0.2,0.0,0.26,0,0.0,7.0
708,0.3333333333333333,0.5,0.7333333333333333,0.0,0.0,1.5155,0,0.0,8.0
544,0.3333333333333333,0.0,1.6666666666666667,0.2,0.0,1.06425,1,1.0,6.0
346,0.6666666666666666,0.5,1.3333333333333333,0.0,0.0,0.13,0,0.0,8.0
821,1.0,0.0,0.9,0.0,0.0,0.086625,0,0.0,6.0
633,0.3333333333333333,0.0,1.0792180999999998,0.0,0.0,0.0,0,0.0,6.0
456,0.3333333333333333,0.0,2.1666666666666665,0.0,0.0,0.2655,1,0.0,6.0
500,1.0,0.0,0.5666666666666667,0.0,0.0,0.086625,0,0.0,6.0
430,0.3333333333333333,0.0,0.9333333333333333,0.0,0.0,0.2655,1,0.0,6.0
445,0.3333333333333333,0.0,0.13333333333333333,0.0,0.4,0.818583,1,0.0,9.0
650,1.0,0.0,1.0792180999999998,0.0,0.0,0.078958,0,0.0,6.0
172,1.0,0.5,0.03333333333333333,0.2,0.2,0.111333,0,0.0,8.0
450,0.6666666666666666,0.0,1.2,0.2,0.4,0.2775,0,0.0,6.0
314,0.6666666666666666,0.0,1.4333333333333333,0.2,0.2,0.2625,0,0.0,6.0
332,0.3333333333333333,0.0,1.2666666666666666,0.0,0.2,1.5346250000000001,1,0.0,6.0
801,0.6666666666666666,0.5,1.0333333333333334,0.2,0.2,0.2625,0,0.0,7.0
90,1.0,0.0,0.9666666666666667,0.0,0.0,0.0805,0,0.0,6.0
834,1.0,0.0,0.6,0.0,0.0,0.083,0,0.0,6.0
181,0.6666666666666666,0.0,1.0792180999999998,0.0,0.0,0.1505,0,1.0,6.0
581,0.3333333333333333,0.5,1.3,0.2,0.2,1.108833,1,1.0,7.0
795,0.6666666666666666,0.0,1.3,0.0,0.0,0.13,0,0.0,6.0
69,1.0,0.0,0.8666666666666667,0.4,0.0,0.086625,0,0.0,6.0
131,1.0,0.0,0.6666666666666666,0.0,0.0,0.0705,0,0.0,6.0
334,0.3333333333333333,0.5,1.1966049333333333,0.2,0.0,1.3365,0,0.0,7.0
597,1.0,0.0,1.6333333333333333,0.0,0.0,0.0,0,0.0,6.0
135,0.6666666666666666,0.0,0.7666666666666667,0.0,0.0,0.150458,0,1.0,6.0
164,1.0,0.0,0.03333333333333333,0.8,0.2,0.396875,0,0.0,9.0
28,1.0,0.5,0.7257991,0.0,0.0,0.078792,0,0.5,8.0
783,1.0,0.0,1.0792180999999998,0.2,0.4,0.2345,0,0.0,6.0
193,0.6666666666666666,0.0,0.1,0.2,0.2,0.26,1,0.0,9.0
869,1.0,0.0,0.13333333333333333,0.2,0.2,0.111333,0,0.0,9.0
715,1.0,0.0,0.6333333333333333,0.0,0.0,0.0765,1,0.0,6.0
525,1.0,0.0,1.35,0.0,0.0,0.0775,0,0.5,6.0
381,1.0,0.5,0.03333333333333333,0.0,0.4,0.157417,0,1.0,8.0
140,1.0,0.5,1.1966049333333333,0.0,0.4,0.15245799999999998,0,1.0,7.0
173,1.0,0.0,0.7,0.0,0.0,0.07925,0,0.0,6.0
6,0.3333333333333333,0.0,1.8,0.0,0.0,0.518625,1,0.0,6.0
718,1.0,0.0,1.0792180999999998,0.0,0.0,0.155,0,0.5,6.0
685,0.6666666666666666,0.0,0.8333333333333334,0.2,0.4,0.415792,0,1.0,6.0
73,1.0,0.0,0.8666666666666667,0.2,0.0,0.144542,0,1.0,6.0
882,1.0,0.5,0.7333333333333333,0.0,0.0,0.105167,0,0.0,8.0
328,1.0,0.5,1.0333333333333334,0.2,0.2,0.20525,0,0.0,7.0
453,0.3333333333333333,0.0,1.6333333333333333,0.2,0.0,0.8910420000000001,1,1.0,6.0
145,0.6666666666666666,0.0,0.6333333333333333,0.2,0.2,0.3675,0,0.0,6.0
234,0.6666666666666666,0.0,0.8,0.0,0.0,0.105,0,0.0,6.0
220,1.0,0.0,0.5333333333333333,0.0,0.0,0.0805,0,0.0,6.0
370,0.3333333333333333,0.0,0.8333333333333334,0.2,0.0,0.5544169999999999,1,1.0,6.0
811,1.0,0.0,1.3,0.0,0.0,0.2415,0,0.0,6.0
132,1.0,0.5,1.5666666666666667,0.2,0.0,0.145,0,0.0,7.0
694,0.3333333333333333,0.0,2.0,0.0,0.0,0.2655,0,0.0,4.0
864,0.6666666666666666,0.0,0.8,0.0,0.0,0.13,0,0.0,6.0
185,0.3333333333333333,0.0,1.0792180999999998,0.0,0.0,0.5,1,0.0,6.0
41,0.6666666666666666,0.5,0.9,0.2,0.0,0.21,0,0.0,7.0
547,0.6666666666666666,0.0,1.0792180999999998,0.0,0.0,0.138625,0,1.0,6.0
108,1.0,0.0,1.2666666666666666,0.0,0.0,0.078958,0,0.0,6.0
603,1.0,0.0,1.4666666666666666,0.0,0.0,0.0805,0,0.0,6.0
56,0.6666666666666666,0.5,0.7,0.0,0.0,0.105,0,0.0,8.0
394,1.0,0.5,0.8,0.0,0.4,0.16699999999999998,1,0.0,7.0
706,0.6666666666666666,0.5,1.5,0.0,0.0,0.135,0,0.0,7.0
549,0.6666666666666666,0.0,0.26666666666666666,0.2,0.2,0.3675,0,0.0,9.0
24,1.0,0.5,0.26666666666666666,0.6,0.2,0.21075,0,0.0,8.0
351,0.3333333333333333,0.0,1.0792180999999998,0.0,0.0,0.35,1,0.0,6.0
429,1.0,0.0,1.0666666666666667,0.0,0.0,0.0805,1,0.0,6.0
434,0.3333333333333333,0.0,1.6666666666666667,0.2,0.0,0.5589999999999999,1,0.0,6.0
51,1.0,0.0,0.7,0.0,0.0,0.078,0,0.0,6.0
526,0.6666666666666666,0.5,1.6666666666666667,0.0,0.0,0.105,0,0.0,8.0
816,1.0,0.5,0.7666666666666667,0.0,0.0,0.07925,0,0.0,8.0
569,1.0,0.0,1.0666666666666667,0.0,0.0,0.078542,0,0.0,6.0
264,1.0,0.5,0.7257991,0.0,0.0,0.0775,0,0.5,8.0
436,1.0,0.5,0.7,0.4,0.4,0.34375,0,0.0,8.0
613,1.0,0.0,1.0792180999999998,0.0,0.0,0.0775,0,0.5,6.0
693,1.0,0.0,0.8333333333333334,0.0,0.0,0.07225,0,1.0,6.0
352,1.0,0.0,0.5,0.2,0.2,0.072292,0,1.0,6.0
18,1.0,0.5,1.0333333333333334,0.2,0.0,0.18,0,0.0,7.0
666,0.6666666666666666,0.0,0.8333333333333334,0.0,0.0,0.13,0,0.0,6.0
582,0.6666666666666666,0.0,1.8,0.0,0.0,0.26,0,0.0,6.0
83,0.3333333333333333,0.0,0.9333333333333333,0.0,0.0,0.47100000000000003,0,0.0,6.0
61,0.3333333333333333,0.5,1.2666666666666666,0.0,0.0,0.8,1,0.0,8.0
272,0.6666666666666666,0.5,1.3666666666666667,0.0,0.2,0.195,0,0.0,7.0
285,1.0,0.0,1.1,0.0,0.0,0.086625,0,1.0,6.0
695,0.6666666666666666,0.0,1.7333333333333334,0.0,0.0,0.135,0,0.0,6.0
746,1.0,0.0,0.5333333333333333,0.2,0.2,0.2025,0,0.0,6.0
12,1.0,0.0,0.6666666666666666,0.0,0.0,0.0805,0,0.0,6.0
182,1.0,0.0,0.3,0.8,0.4,0.313875,0,0.0,9.0
444,1.0,0.0,1.0792180999999998,0.0,0.0,0.081125,0,0.0,6.0
552,1.0,0.0,1.0792180999999998,0.0,0.0,0.078292,0,0.5,6.0
223,1.0,0.0,1.0792180999999998,0.0,0.0,0.078958,0,0.0,6.0
513,0.3333333333333333,0.5,1.8,0.2,0.0,0.594,0,1.0,7.0
628,1.0,0.0,0.8666666666666667,0.0,0.0,0.078958,0,0.0,6.0
587,0.3333333333333333,0.0,2.0,0.2,0.2,0.792,1,1.0,6.0
692,1.0,0.0,1.0792180999999998,0.0,0.0,0.5649580000000001,0,0.0,6.0
523,0.3333333333333333,0.5,1.4666666666666666,0.0,0.2,0.579792,1,1.0,7.0
664,1.0,0.0,0.6666666666666666,0.2,0.0,0.07925,0,0.0,6.0
176,1.0,0.0,0.15247223333333335,0.6,0.2,0.254667,0,0.0,9.0
841,0.6666666666666666,0.0,0.5333333333333333,0.0,0.0,0.105,0,0.0,6.0
678,1.0,0.5,1.4333333333333333,0.2,1.2,0.469,0,0.0,7.0
163,1.0,0.0,0.5666666666666667,0.0,0.0,0.086625,0,0.0,6.0
248,0.3333333333333333,0.0,1.2333333333333334,0.2,0.2,0.5255420000000001,1,0.0,6.0
570,0.6666666666666666,0.0,2.066666666666667,0.0,0.0,0.105,0,0.0,6.0
787,1.0,0.0,0.26666666666666666,0.8,0.2,0.29125,0,0.5,9.0
74,1.0,0.0,1.0666666666666667,0.0,0.0,0.5649580000000001,0,0.0,6.0
113,1.0,0.5,0.6666666666666666,0.2,0.0,0.09824999999999999,0,0.0,8.0
635,0.6666666666666666,0.5,0.9333333333333333,0.0,0.0,0.13,0,0.0,8.0
501,1.0,0.5,0.7,0.0,0.0,0.0775,0,0.5,8.0
104,1.0,0.0,1.2333333333333334,0.4,0.0,0.07925,0,0.0,6.0
114,1.0,0.5,0.5666666666666667,0.0,0.0,0.144583,0,1.0,8.0
368,1.0,0.5,0.7257991,0.0,0.0,0.0775,0,0.5,8.0
92,0.3333333333333333,0.0,1.5333333333333334,0.2,0.0,0.61175,1,0.0,6.0
497,1.0,0.0,1.0792180999999998,0.0,0.0,0.151,0,0.0,6.0
89,1.0,0.0,0.8,0.0,0.0,0.0805,0,0.0,6.0
336,0.3333333333333333,0.0,0.9666666666666667,0.2,0.0,0.6659999999999999,1,0.0,6.0
879,0.3333333333333333,0.5,1.8666666666666667,0.0,0.2,0.831583,1,1.0,7.0
817,0.6666666666666666,0.0,1.0333333333333334,0.2,0.2,0.370042,0,1.0,6.0
828,1.0,0.0,1.0792180999999998,0.0,0.0,0.0775,0,0.5,6.0
543,0.6666666666666666,0.0,1.0666666666666667,0.2,0.0,0.26,0,0.0,6.0
548,1.0,0.0,1.1,0.2,0.2,0.20525,0,0.0,6.0
94,1.0,0.0,1.9666666666666666,0.0,0.0,0.0725,0,0.0,6.0
11,0.3333333333333333,0.5,1.9333333333333333,0.0,0.0,0.2655,1,0.0,8.0
431,1.0,0.5,1.1966049333333333,0.2,0.0,0.161,0,0.0,7.0
43,0.6666666666666666,0.5,0.1,0.2,0.4,0.415792,0,1.0,8.0
42,1.0,0.0,1.0792180999999998,0.0,0.0,0.078958,0,1.0,6.0
329,0.3333333333333333,0.5,0.5333333333333333,0.0,0.2,0.579792,1,1.0,8.0
167,1.0,0.5,1.5,0.2,0.8,0.27899999999999997,0,0.0,7.0
779,0.3333333333333333,0.5,1.4333333333333333,0.0,0.2,2.113375,1,0.0,7.0
537,0.3333333333333333,0.5,1.0,0.0,0.0,1.06425,0,1.0,8.0
735,1.0,0.0,0.95,0.0,0.0,0.161,0,0.0,6.0
499,1.0,0.0,0.8,0.0,0.0,0.077958,0,0.0,6.0
178,0.6666666666666666,0.0,1.0,0.0,0.0,0.13,0,0.0,6.0
583,0.3333333333333333,0.0,1.2,0.0,0.0,0.40125,1,1.0,6.0
784,1.0,0.0,0.8333333333333334,0.0,0.0,0.0705,0,0.0,6.0
593,1.0,0.5,0.7257991,0.0,0.4,0.0775,0,0.5,8.0
177,0.3333333333333333,0.5,1.6666666666666667,0.0,0.0,0.28712499999999996,1,1.0,8.0
644,1.0,0.5,0.025,0.4,0.2,0.19258299999999998,0,1.0,8.0
710,0.3333333333333333,0.5,0.8,0.0,0.0,0.495042,1,1.0,15.0
615,0.6666666666666666,0.5,0.8,0.2,0.4,0.65,0,0.0,8.0
383,0.3333333333333333,0.5,1.1666666666666667,0.2,0.0,0.52,0,0.0,7.0
257,0.3333333333333333,0.5,1.0,0.0,0.0,0.865,1,0.0,8.0
734,0.6666666666666666,0.0,0.7666666666666667,0.0,0.0,0.13,0,0.0,6.0
335,1.0,0.0,1.0792180999999998,0.0,0.0,0.078958,0,0.0,6.0
551,0.6666666666666666,0.0,0.9,0.0,0.0,0.26,0,0.0,6.0
15,0.6666666666666666,0.5,1.8333333333333333,0.0,0.0,0.16,0,0.0,7.0
3,0.3333333333333333,0.5,1.1666666666666667,0.2,0.0,0.531,1,0.0,7.0
411,1.0,0.0,1.0792180999999998,0.0,0.0,0.068583,0,0.5,6.0
256,0.3333333333333333,0.5,1.1966049333333333,0.0,0.0,0.792,0,1.0,7.0
451,1.0,0.0,1.0792180999999998,0.2,0.0,0.19966699999999998,0,0.0,6.0
473,0.6666666666666666,0.5,0.7666666666666667,0.0,0.0,0.137917,1,1.0,7.0
697,1.0,0.5,0.7257991,0.0,0.0,0.077333,0,0.5,8.0
393,0.3333333333333333,0.5,0.7666666666666667,0.2,0.0,1.1327500000000001,1,1.0,8.0
222,1.0,0.0,1.7,0.0,0.0,0.0805,0,0.0,6.0
506,0.6666666666666666,0.5,1.1,0.0,0.4,0.26,0,0.0,7.0
567,1.0,0.5,0.9666666666666667,0.0,0.8,0.21075,0,0.0,7.0
420,1.0,0.0,1.0792180999999998,0.0,0.0,0.078958,0,1.0,6.0
324,1.0,0.0,1.0792180999999998,1.6,0.4,0.6955,0,0.0,6.0
530,0.6666666666666666,0.5,0.06666666666666667,0.2,0.2,0.26,0,0.0,8.0
9,0.6666666666666666,0.5,0.4666666666666667,0.2,0.0,0.300708,0,1.0,7.0
249,0.6666666666666666,0.0,1.8,0.2,0.0,0.26,0,0.0,2.0
22,1.0,0.5,0.5,0.0,0.0,0.08029199999999999,0,0.5,8.0
356,0.3333333333333333,0.5,0.7333333333333333,0.0,0.2,0.55,1,0.0,8.0
221,0.6666666666666666,0.0,0.9,0.0,0.0,0.13,0,0.0,6.0
601,1.0,0.0,1.0792180999999998,0.0,0.0,0.078958,0,0.0,6.0
766,0.3333333333333333,0.0,1.4,0.0,0.0,0.396,0,1.0,10.0
874,0.6666666666666666,0.5,0.9333333333333333,0.2,0.0,0.24,0,1.0,7.0
528,1.0,0.0,1.3,0.0,0.0,0.07925,0,0.0,6.0
340,0.6666666666666666,0.0,0.06666666666666667,0.2,0.2,0.26,1,0.0,9.0
743,1.0,0.0,0.8,0.2,0.0,0.161,0,0.0,6.0
519,1.0,0.0,1.0666666666666667,0.0,0.0,0.078958,0,0.0,6.0
203,1.0,0.0,1.5166666666666666,0.0,0.0,0.07225,0,1.0,6.0
237,0.6666666666666666,0.5,0.26666666666666666,0.0,0.4,0.2625,0,0.0,8.0
93,1.0,0.0,0.8666666666666667,0.2,0.4,0.20575,0,0.0,6.0
730,0.3333333333333333,0.5,0.9666666666666667,0.0,0.0,2.113375,1,0.0,8.0
440,0.6666666666666666,0.5,1.5,0.2,0.2,0.2625,0,0.0,7.0
559,1.0,0.5,1.2,0.2,0.0,0.174,0,0.0,7.0
284,0.3333333333333333,0.0,1.0792180999999998,0.0,0.0,0.26,1,0.0,6.0
184,1.0,0.5,0.13333333333333333,0.0,0.4,0.22024999999999997,0,0.0,8.0
791,0.6666666666666666,0.0,0.5333333333333333,0.0,0.0,0.26,0,0.0,6.0
487,0.3333333333333333,0.0,1.9333333333333333,0.0,0.0,0.297,1,1.0,6.0
153,1.0,0.0,1.35,0.0,0.4,0.145,0,0.0,6.0
75,1.0,0.0,0.8333333333333334,0.0,0.0,0.0765,1,0.0,6.0
656,1.0,0.0,1.0792180999999998,0.0,0.0,0.078958,0,0.0,6.0
631,1.0,0.0,1.7,0.0,0.0,0.070542,0,0.0,6.0
277,0.6666666666666666,0.0,1.0792180999999998,0.0,0.0,0.0,0,0.0,6.0
68,1.0,0.5,0.5666666666666667,0.8,0.4,0.07925,0,0.0,8.0
825,1.0,0.0,1.0792180999999998,0.0,0.0,0.0695,0,0.5,6.0
188,1.0,0.0,1.3333333333333333,0.2,0.2,0.155,0,0.5,6.0
271,1.0,0.0,0.8333333333333334,0.0,0.0,0.0,0,0.0,6.0
662,0.3333333333333333,0.0,1.5666666666666667,0.0,0.0,0.25587499999999996,1,0.0,6.0
711,0.3333333333333333,0.0,1.0792180999999998,0.0,0.0,0.2655,1,0.0,6.0
236,0.6666666666666666,0.0,1.4666666666666666,0.2,0.0,0.26,0,0.0,6.0
88,0.3333333333333333,0.5,0.7666666666666667,0.6,0.4,2.63,1,0.0,8.0
757,0.6666666666666666,0.0,0.6,0.0,0.0,0.115,0,0.0,6.0
117,0.6666666666666666,0.0,0.9666666666666667,0.2,0.0,0.21,0,0.0,6.0
125,1.0,0.0,0.4,0.2,0.0,0.112417,0,1.0,9.0
731,1.0,0.0,0.36666666666666664,0.0,0.0,0.18787500000000001,0,1.0,6.0
289,1.0,0.5,0.7333333333333333,0.0,0.0,0.0775,0,0.5,8.0
238,0.6666666666666666,0.0,0.6333333333333333,0.0,0.0,0.105,0,0.0,6.0
0,1.0,0.0,0.7333333333333333,0.2,0.0,0.0725,0,0.0,6.0
881,1.0,0.0,1.1,0.0,0.0,0.078958,0,0.0,6.0
467,0.3333333333333333,0.0,1.8666666666666667,0.0,0.0,0.2655,0,0.0,6.0
827,0.6666666666666666,0.0,0.03333333333333333,0.0,0.4,0.370042,0,1.0,9.0
395,1.0,0.0,0.7333333333333333,0.0,0.0,0.077958,0,0.0,6.0
531,1.0,0.0,1.0792180999999998,0.0,0.0,0.072292,0,1.0,6.0
126,1.0,0.0,1.0792180999999998,0.0,0.0,0.0775,0,0.5,6.0
278,1.0,0.0,0.23333333333333334,0.8,0.2,0.29125,0,0.5,9.0
691,1.0,0.5,0.13333333333333333,0.0,0.2,0.134167,0,1.0,8.0
116,1.0,0.0,2.35,0.0,0.0,0.0775,0,0.5,6.0
228,0.6666666666666666,0.0,0.6,0.0,0.0,0.13,0,0.0,6.0
622,1.0,0.0,0.6666666666666666,0.2,0.2,0.157417,0,1.0,6.0
655,0.6666666666666666,0.0,0.8,0.4,0.0,0.735,0,0.0,6.0
598,1.0,0.0,1.0792180999999998,0.0,0.0,0.07225,0,1.0,6.0
516,0.6666666666666666,0.5,1.1333333333333333,0.0,0.0,0.105,1,0.0,7.0
274,1.0,0.5,0.7257991,0.0,0.0,0.0775,0,0.5,8.0
318,0.3333333333333333,0.5,1.0333333333333334,0.0,0.4,1.648667,1,0.0,8.0
606,1.0,0.0,1.0,0.0,0.0,0.078958,0,0.0,6.0
144,0.6666666666666666,0.0,0.6,0.0,0.0,0.115,0,0.0,6.0
634,1.0,0.5,0.3,0.6,0.4,0.27899999999999997,0,0.0,8.0
558,0.3333333333333333,0.5,1.3,0.2,0.2,0.7965000000000001,1,0.0,7.0
809,0.3333333333333333,0.5,1.1,0.2,0.0,0.531,1,0.0,7.0
745,0.3333333333333333,0.0,2.3333333333333335,0.2,0.2,0.71,1,0.0,5.0
369,0.3333333333333333,0.5,0.8,0.0,0.0,0.693,1,1.0,11.0
268,0.3333333333333333,0.5,1.9333333333333333,0.0,0.2,1.5346250000000001,1,0.0,7.0
623,1.0,0.0,0.7,0.0,0.0,0.078542,0,0.0,6.0
307,0.3333333333333333,0.5,0.5666666666666667,0.2,0.0,1.089,1,1.0,7.0
423,1.0,0.5,0.9333333333333333,0.2,0.2,0.14400000000000002,0,0.0,7.0
310,0.3333333333333333,0.5,0.8,0.0,0.0,0.831583,1,1.0,8.0
354,1.0,0.0,1.0792180999999998,0.0,0.0,0.07225,0,1.0,6.0
46,1.0,0.0,1.0792180999999998,0.2,0.0,0.155,0,0.5,6.0
349,1.0,0.0,1.4,0.0,0.0,0.086625,0,0.0,6.0
371,1.0,0.0,0.6,0.2,0.0,0.064958,0,0.0,6.0
479,1.0,0.5,0.06666666666666667,0.0,0.2,0.122875,0,0.0,8.0
576,0.6666666666666666,0.5,1.1333333333333333,0.0,0.0,0.13,0,0.0,8.0
261,1.0,0.0,0.1,0.8,0.4,0.313875,0,0.0,9.0
195,0.3333333333333333,0.5,1.9333333333333333,0.0,0.0,1.465208,1,1.0,8.0
890,1.0,0.0,1.0666666666666667,0.0,0.0,0.0775,0,0.5,6.0
744,1.0,0.0,1.0333333333333334,0.0,0.0,0.07925,0,0.0,6.0
107,1.0,0.0,1.0792180999999998,0.0,0.0,0.07775,0,0.0,6.0
866,0.6666666666666666,0.5,0.9,0.2,0.0,0.138583,0,1.0,8.0
59,1.0,0.0,0.36666666666666664,1.0,0.4,0.469,0,0.0,9.0
658,0.6666666666666666,0.0,0.7666666666666667,0.0,0.0,0.13,0,0.0,6.0
263,0.3333333333333333,0.0,1.3333333333333333,0.0,0.0,0.0,1,0.0,6.0
568,1.0,0.0,1.0792180999999998,0.0,0.0,0.072292,0,1.0,6.0
100,1.0,0.5,0.9333333333333333,0.0,0.0,0.078958,0,0.0,8.0
443,0.6666666666666666,0.5,0.9333333333333333,0.0,0.0,0.13,0,0.0,12.0
490,1.0,0.0,1.0792180999999998,0.2,0.0,0.19966699999999998,0,0.0,6.0
687,1.0,0.0,0.6333333333333333,0.0,0.0,0.10170799999999999,0,0.0,6.0
799,1.0,0.5,1.0,0.2,0.2,0.2415,0,0.0,7.0
640,1.0,0.0,0.6666666666666666,0.0,0.0,0.078542,0,0.0,6.0
169,1.0,0.0,0.9333333333333333,0.0,0.0,0.5649580000000001,0,0.0,6.0
179,1.0,0.0,1.2,0.0,0.0,0.0,0,0.0,6.0
304,1.0,0.0,1.0792180999999998,0.0,0.0,0.0805,0,0.0,6.0
341,0.3333333333333333,0.5,0.8,0.6,0.4,2.63,1,0.0,8.0
57,1.0,0.0,0.95,0.0,0.0,0.072292,0,1.0,6.0
858,1.0,0.5,0.8,0.0,0.6,0.19258299999999998,0,1.0,7.0
149,0.6666666666666666,0.0,1.4,0.0,0.0,0.13,0,0.0,2.0
124,0.3333333333333333,0.0,1.8,0.0,0.2,0.772875,1,0.0,6.0
703,1.0,0.0,0.8333333333333334,0.0,0.0,0.077417,0,0.5,6.0
50,1.0,0.0,0.23333333333333334,0.8,0.2,0.396875,0,0.0,9.0
353,1.0,0.0,0.8333333333333334,0.2,0.0,0.17800000000000002,0,0.0,6.0
823,1.0,0.5,0.9,0.0,0.2,0.12475,1,0.0,7.0
142,1.0,0.5,0.8,0.2,0.0,0.1585,0,0.0,7.0
470,1.0,0.0,1.0792180999999998,0.0,0.0,0.0725,0,0.0,6.0
399,0.6666666666666666,0.5,0.9333333333333333,0.0,0.0,0.1265,0,0.0,7.0
575,1.0,0.0,0.6333333333333333,0.0,0.0,0.145,0,0.0,6.0
320,1.0,0.0,0.7333333333333333,0.0,0.0,0.0725,0,0.0,6.0
19,1.0,0.5,1.1966049333333333,0.0,0.0,0.07225,0,1.0,7.0
792,1.0,0.5,0.7257991,1.6,0.4,0.6955,0,0.0,8.0
707,0.3333333333333333,0.0,1.4,0.0,0.0,0.262875,1,0.0,6.0
723,0.6666666666666666,0.0,1.6666666666666667,0.0,0.0,0.13,0,0.0,6.0
407,0.6666666666666666,0.0,0.1,0.2,0.2,0.1875,0,0.0,9.0
557,0.3333333333333333,0.0,1.0792180999999998,0.0,0.0,2.27525,0,1.0,6.0
38,1.0,0.5,0.6,0.4,0.0,0.18,0,0.0,8.0
175,1.0,0.0,0.6,0.2,0.2,0.078542,0,0.0,6.0
245,0.3333333333333333,0.0,1.4666666666666666,0.4,0.0,0.9,1,0.5,10.0
740,0.3333333333333333,0.0,1.0792180999999998,0.0,0.0,0.3,1,0.0,6.0
602,0.3333333333333333,0.0,1.0792180999999998,0.0,0.0,0.424,0,0.0,6.0
768,1.0,0.0,1.0792180999999998,0.2,0.0,0.2415,0,0.5,6.0
764,1.0,0.0,0.5333333333333333,0.0,0.0,0.07775,0,0.0,6.0
154,1.0,0.0,1.0792180999999998,0.0,0.0,0.073125,0,0.0,6.0
287,1.0,0.0,0.7333333333333333,0.0,0.0,0.078958,0,0.0,6.0
750,0.6666666666666666,0.5,0.13333333333333333,0.2,0.2,0.23,0,0.0,8.0
17,0.6666666666666666,0.0,1.0792180999999998,0.0,0.0,0.13,0,0.0,6.0
127,1.0,0.0,0.8,0.0,0.0,0.07141700000000001,0,0.0,6.0
322,0.6666666666666666,0.5,1.0,0.0,0.0,0.1235,0,0.5,8.0
255,1.0,0.5,0.9666666666666667,0.0,0.4,0.15245799999999998,0,1.0,7.0
770,1.0,0.0,0.8,0.0,0.0,0.095,0,0.0,6.0
856,0.3333333333333333,0.5,1.5,0.2,0.2,1.648667,0,0.0,7.0
190,0.6666666666666666,0.5,1.0666666666666667,0.0,0.0,0.13,0,0.0,7.0
115,1.0,0.0,0.7,0.0,0.0,0.07925,0,0.0,6.0
737,0.3333333333333333,0.0,1.1666666666666667,0.0,0.0,5.123292,1,1.0,6.0
180,1.0,0.5,0.7257991,1.6,0.4,0.6955,0,0.0,8.0
301,1.0,0.0,1.0792180999999998,0.4,0.0,0.2325,0,0.5,6.0
679,0.3333333333333333,0.0,1.2,0.0,0.2,5.123292,1,1.0,6.0
638,1.0,0.5,1.3666666666666667,0.0,1.0,0.396875,0,0.0,7.0
649,1.0,0.5,0.7666666666666667,0.0,0.0,0.0755,0,0.0,8.0
616,1.0,0.0,1.1333333333333333,0.2,0.2,0.14400000000000002,0,0.0,6.0
596,0.6666666666666666,0.5,0.7257991,0.0,0.0,0.33,0,0.0,8.0
517,1.0,0.0,1.0792180999999998,0.0,0.0,0.2415,0,0.5,6.0
875,1.0,0.5,0.5,0.0,0.0,0.07225,0,1.0,8.0
45,1.0,0.0,1.0792180999999998,0.0,0.0,0.0805,0,0.0,6.0
807,1.0,0.5,0.6,0.0,0.0,0.07775,0,0.0,8.0
157,1.0,0.0,1.0,0.0,0.0,0.0805,0,0.0,6.0
665,0.6666666666666666,0.0,1.0666666666666667,0.4,0.0,0.735,0,0.0,6.0
171,1.0,0.0,0.13333333333333333,0.8,0.2,0.29125,0,0.5,9.0
16,1.0,0.0,0.06666666666666667,0.8,0.2,0.29125,0,0.5,9.0
511,1.0,0.0,1.0792180999999998,0.0,0.0,0.0805,0,0.0,6.0
48,1.0,0.0,1.0792180999999998,0.4,0.0,0.216792,0,1.0,6.0
862,0.3333333333333333,0.5,1.6,0.0,0.0,0.259292,1,0.0,7.0
749,1.0,0.0,1.0333333333333334,0.0,0.0,0.0775,0,0.5,6.0
515,0.3333333333333333,0.0,1.5666666666666667,0.0,0.0,0.340208,1,0.0,6.0
617,1.0,0.5,0.8666666666666667,0.2,0.0,0.161,0,0.0,7.0
480,1.0,0.0,0.3,1.0,0.4,0.469,0,0.0,9.0
283,1.0,0.0,0.6333333333333333,0.0,0.0,0.0805,0,0.0,6.0
589,1.0,0.0,1.0792180999999998,0.0,0.0,0.0805,0,0.0,6.0
225,1.0,0.0,0.7333333333333333,0.0,0.0,0.0935,0,0.0,6.0
26,1.0,0.0,1.0792180999999998,0.0,0.0,0.07225,0,1.0,6.0
848,0.6666666666666666,0.0,0.9333333333333333,0.0,0.2,0.33,0,0.0,2.0
437,0.6666666666666666,0.5,0.8,0.4,0.6,0.1875,0,0.0,7.0
844,1.0,0.0,0.5666666666666667,0.0,0.0,0.086625,0,0.0,6.0
364,1.0,0.0,1.0792180999999998,0.2,0.0,0.155,0,0.5,6.0
229,1.0,0.5,0.7257991,0.6,0.2,0.254667,0,0.0,8.0
37,1.0,0.0,0.7,0.0,0.0,0.0805,0,0.0,6.0
857,0.3333333333333333,0.0,1.7,0.0,0.0,0.2655,1,0.0,6.0
374,1.0,0.5,0.1,0.6,0.2,0.21075,0,0.0,8.0
469,1.0,0.5,0.025,0.4,0.2,0.19258299999999998,0,1.0,8.0
859,1.0,0.0,1.0792180999999998,0.0,0.0,0.072292,0,1.0,6.0
758,1.0,0.0,1.1333333333333333,0.0,0.0,0.0805,0,0.0,6.0
651,0.6666666666666666,0.5,0.6,0.0,0.2,0.23,0,0.0,8.0
194,0.3333333333333333,0.5,1.4666666666666666,0.0,0.0,0.277208,1,1.0,7.0
760,1.0,0.0,1.0792180999999998,0.0,0.0,0.145,0,0.0,6.0
868,1.0,0.0,1.0792180999999998,0.0,0.0,0.095,0,0.0,6.0
503,1.0,0.5,1.2333333333333334,0.0,0.0,0.095875,0,0.0,8.0
861,0.6666666666666666,0.0,0.7,0.2,0.0,0.115,0,0.0,6.0
741,0.3333333333333333,0.0,1.2,0.2,0.0,0.7885,1,0.0,6.0
579,1.0,0.0,1.0666666666666667,0.0,0.0,0.07925,0,0.0,6.0
888,1.0,0.5,0.7257991,0.2,0.4,0.2345,0,0.0,8.0
162,1.0,0.0,0.8666666666666667,0.0,0.0,0.07775,0,0.0,6.0
630,0.3333333333333333,0.0,2.6666666666666665,0.0,0.0,0.3,1,0.0,6.0
152,1.0,0.0,1.85,0.0,0.0,0.0805,0,0.0,6.0
684,0.6666666666666666,0.0,2.0,0.2,0.2,0.39,0,0.0,6.0
629,1.0,0.0,1.0792180999999998,0.0,0.0,0.077333,0,0.5,6.0
675,1.0,0.0,0.6,0.0,0.0,0.07775,0,0.0,6.0
111,1.0,0.5,0.48333333333333334,0.2,0.0,0.144542,0,1.0,8.0
226,0.6666666666666666,0.0,0.6333333333333333,0.0,0.0,0.105,0,0.0,6.0
618,0.6666666666666666,0.5,0.13333333333333333,0.4,0.2,0.39,1,0.0,8.0
103,1.0,0.0,1.1,0.0,0.0,0.086542,0,0.0,6.0
421,1.0,0.0,0.7,0.0,0.0,0.077333,0,0.5,6.0
419,1.0,0.5,0.3333333333333333,0.0,0.4,0.2415,0,0.0,8.0
586,0.6666666666666666,0.0,1.5666666666666667,0.0,0.0,0.15,0,0.0,6.0
119,1.0,0.5,0.06666666666666667,0.8,0.4,0.31275,0,0.0,8.0
53,0.6666666666666666,0.5,0.9666666666666667,0.2,0.0,0.26,0,0.0,7.0
151,0.3333333333333333,0.5,0.7333333333333333,0.2,0.0,0.6659999999999999,1,0.0,7.0
403,1.0,0.0,0.9333333333333333,0.2,0.0,0.1585,0,0.0,6.0
839,0.3333333333333333,0.0,1.0792180999999998,0.0,0.0,0.297,1,1.0,6.0
207,1.0,0.0,0.8666666666666667,0.0,0.0,0.18787500000000001,0,1.0,6.0
752,1.0,0.0,1.1,0.0,0.0,0.095,0,0.0,6.0
717,0.6666666666666666,0.5,0.9,0.0,0.0,0.105,1,0.0,8.0
8,1.0,0.5,0.9,0.0,0.4,0.111333,0,0.0,7.0
722,0.6666666666666666,0.0,1.1333333333333333,0.0,0.0,0.13,0,0.0,6.0
36,1.0,0.0,1.0792180999999998,0.0,0.0,0.072292,0,1.0,6.0
452,0.3333333333333333,0.0,1.0,0.0,0.0,0.2775,1,1.0,6.0
253,1.0,0.0,1.0,0.2,0.0,0.161,0,0.0,6.0
303,0.6666666666666666,0.5,0.7257991,0.0,0.0,0.1235,1,0.5,8.0
667,1.0,0.0,1.0792180999999998,0.0,0.0,0.07775,0,0.0,6.0
571,0.3333333333333333,0.5,1.7666666666666666,0.4,0.0,0.514792,1,0.0,7.0
636,1.0,0.0,1.0666666666666667,0.0,0.0,0.07925,0,0.0,6.0
714,0.6666666666666666,0.0,1.7333333333333334,0.0,0.0,0.13,0,0.0,6.0
262,0.3333333333333333,0.0,1.7333333333333334,0.2,0.2,0.7965000000000001,1,0.0,6.0
610,1.0,0.5,1.3,0.2,1.0,0.31275,0,0.0,7.0
297,0.3333333333333333,0.5,0.06666666666666667,0.2,0.4,1.5155,1,0.0,8.0
414,1.0,0.0,1.4666666666666666,0.0,0.0,0.07925,0,0.0,6.0
150,0.6666666666666666,0.0,1.7,0.0,0.0,0.12525,0,0.0,2.0
705,0.6666666666666666,0.0,1.3,0.0,0.0,0.26,0,0.0,6.0
789,0.3333333333333333,0.0,1.5333333333333334,0.0,0.0,0.792,1,1.0,6.0
550,0.3333333333333333,0.0,0.5666666666666667,0.0,0.4,1.108833,1,1.0,6.0
488,1.0,0.0,1.0,0.0,0.0,0.0805,0,0.0,6.0
147,1.0,0.5,0.3,0.4,0.4,0.34375,0,0.0,8.0
146,1.0,0.0,0.9,0.0,0.0,0.077958,0,0.0,6.0
836,1.0,0.0,0.7,0.0,0.0,0.086625,0,0.0,6.0
826,1.0,0.0,1.0792180999999998,0.0,0.0,0.5649580000000001,0,0.0,6.0
870,1.0,0.0,0.8666666666666667,0.0,0.0,0.078958,0,0.0,6.0
348,1.0,0.0,0.1,0.2,0.2,0.159,0,0.0,9.0
463,0.6666666666666666,0.0,1.6,0.0,0.0,0.13,0,0.0,6.0
325,0.3333333333333333,0.5,1.2,0.0,0.0,1.356333,1,1.0,8.0
186,1.0,0.5,1.1966049333333333,0.2,0.0,0.155,0,0.5,7.0
123,0.6666666666666666,0.5,1.0833333333333333,0.0,0.0,0.13,1,0.0,8.0
759,0.3333333333333333,0.5,1.1,0.0,0.0,0.865,1,0.0,16.0
608,0.6666666666666666,0.5,0.7333333333333333,0.2,0.4,0.415792,0,1.0,7.0
143,1.0,0.0,0.6333333333333333,0.0,0.0,0.0675,0,0.5,6.0
851,1.0,0.0,2.466666666666667,0.0,0.0,0.07775,0,0.0,6.0
197,1.0,0.0,1.4,0.0,0.2,0.08404199999999999,0,0.0,6.0
609,0.3333333333333333,0.5,1.3333333333333333,0.0,0.0,1.5346250000000001,1,0.0,8.0
279,1.0,0.5,1.1666666666666667,0.2,0.2,0.2025,0,0.0,7.0
293,1.0,0.5,0.8,0.0,0.0,0.0885,0,0.0,8.0
400,1.0,0.0,1.3,0.0,0.0,0.07925,0,0.0,6.0
122,0.6666666666666666,0.0,1.0833333333333333,0.2,0.0,0.300708,0,1.0,6.0
183,0.6666666666666666,0.0,0.03333333333333333,0.4,0.2,0.39,1,0.0,9.0
202,1.0,0.0,1.1333333333333333,0.0,0.0,0.064958,0,0.0,6.0
438,0.3333333333333333,0.0,2.1333333333333333,0.2,0.8,2.63,1,0.0,6.0
246,1.0,0.5,0.8333333333333334,0.0,0.0,0.07775,0,0.0,8.0
415,1.0,0.5,1.1966049333333333,0.0,0.0,0.0805,0,0.0,7.0
788,1.0,0.0,0.03333333333333333,0.2,0.4,0.20575,0,0.0,9.0
129,1.0,0.0,1.5,0.0,0.0,0.06974999999999999,0,0.0,6.0
637,0.6666666666666666,0.0,1.0333333333333334,0.2,0.2,0.2625,0,0.0,6.0
402,1.0,0.5,0.7,0.2,0.0,0.09824999999999999,0,0.0,8.0
794,1.0,0.0,0.8333333333333334,0.0,0.0,0.078958,0,0.0,6.0
689,0.3333333333333333,0.5,0.5,0.0,0.2,2.113375,1,0.0,8.0
810,1.0,0.0,0.8666666666666667,0.0,0.0,0.078875,0,0.0,6.0
219,0.6666666666666666,0.0,1.0,0.0,0.0,0.105,0,0.0,6.0
641,0.3333333333333333,0.5,0.8,0.0,0.0,0.693,1,1.0,15.0
812,0.6666666666666666,0.0,1.1666666666666667,0.0,0.0,0.105,0,0.0,6.0
672,0.6666666666666666,0.0,2.3333333333333335,0.0,0.0,0.105,0,0.0,6.0
815,0.3333333333333333,0.0,1.0792180999999998,0.0,0.0,0.0,1,0.0,6.0
624,1.0,0.0,0.7,0.0,0.0,0.161,0,0.0,6.0
855,1.0,0.5,0.6,0.0,0.2,0.0935,0,0.0,7.0
680,1.0,0.5,0.7257991,0.0,0.0,0.08137499999999999,0,0.5,8.0
386,1.0,0.0,0.03333333333333333,1.0,0.4,0.469,0,0.0,9.0
863,1.0,0.5,0.7257991,1.6,0.4,0.6955,0,0.0,8.0
509,1.0,0.0,0.8666666666666667,0.0,0.0,0.5649580000000001,0,0.0,6.0
267,1.0,0.0,0.8333333333333334,0.2,0.0,0.07775,0,0.0,6.0
732,0.6666666666666666,0.0,1.0792180999999998,0.0,0.0,0.0,0,0.0,6.0
441,1.0,0.0,0.6666666666666666,0.0,0.0,0.095,0,0.0,6.0
496,0.3333333333333333,0.5,1.8,0.2,0.0,0.782667,1,1.0,8.0
112,1.0,0.0,0.7333333333333333,0.0,0.0,0.0805,0,0.0,6.0
232,0.6666666666666666,0.0,1.9666666666666666,0.0,0.0,0.135,0,0.0,6.0
774,0.6666666666666666,0.5,1.8,0.2,0.6,0.23,0,0.0,7.0
607,0.3333333333333333,0.0,0.9,0.0,0.0,0.305,0,0.0,6.0
671,0.3333333333333333,0.0,1.0333333333333334,0.2,0.0,0.52,1,0.0,6.0
373,0.3333333333333333,0.0,0.7333333333333333,0.0,0.0,1.356333,0,1.0,6.0
872,0.3333333333333333,0.0,1.1,0.0,0.0,0.05,1,0.0,6.0
751,1.0,0.0,0.2,0.0,0.2,0.12475,1,0.0,9.0
233,1.0,0.5,0.16666666666666666,0.8,0.4,0.313875,0,0.0,8.0
806,0.3333333333333333,0.0,1.3,0.0,0.0,0.0,1,0.0,6.0
676,1.0,0.0,0.8166666666666667,0.0,0.0,0.0805,0,0.0,6.0
317,0.6666666666666666,0.0,1.8,0.0,0.0,0.14,0,0.0,10.0
648,1.0,0.0,1.0792180999999998,0.0,0.0,0.0755,0,0.0,6.0
410,1.0,0.0,1.0792180999999998,0.0,0.0,0.078958,0,0.0,6.0
798,1.0,0.0,1.0,0.0,0.0,0.072292,0,1.0,6.0
358,1.0,0.5,0.7257991,0.0,0.0,0.078792,0,0.5,8.0
258,0.3333333333333333,0.5,1.1666666666666667,0.0,0.0,5.123292,0,1.0,8.0
627,0.3333333333333333,0.5,0.7,0.0,0.0,0.7795829999999999,1,0.0,8.0
632,0.3333333333333333,0.0,1.0666666666666667,0.0,0.0,0.305,1,1.0,10.0
282,1.0,0.0,0.5333333333333333,0.0,0.0,0.095,0,0.0,6.0
376,1.0,0.5,0.7333333333333333,0.0,0.0,0.0725,0,0.0,8.0
384,1.0,0.0,1.0792180999999998,0.0,0.0,0.078958,0,0.0,6.0
224,0.3333333333333333,0.0,1.2666666666666666,0.2,0.0,0.9,1,0.0,6.0
846,1.0,0.0,1.0792180999999998,1.6,0.4,0.6955,0,0.0,6.0
728,0.6666666666666666,0.0,0.8333333333333334,0.2,0.0,0.26,0,0.0,6.0
472,0.6666666666666666,0.5,1.1,0.2,0.4,0.2775,0,0.0,7.0
347,1.0,0.5,1.1966049333333333,0.2,0.0,0.161,0,0.0,7.0
505,0.3333333333333333,0.0,0.6,0.2,0.0,1.089,1,1.0,6.0
639,1.0,0.0,1.0792180999999998,0.2,0.0,0.161,0,0.0,6.0
878,1.0,0.0,1.0792180999999998,0.0,0.0,0.078958,0,0.0,6.0
824,1.0,0.0,0.06666666666666667,0.8,0.2,0.396875,0,0.0,9.0
803,1.0,0.0,0.014,0.0,0.2,0.085167,0,1.0,9.0
619,0.6666666666666666,0.0,0.8666666666666667,0.0,0.0,0.105,0,0.0,6.0
761,1.0,0.0,1.3666666666666667,0.0,0.0,0.07125,0,0.0,6.0
645,0.3333333333333333,0.0,1.6,0.2,0.0,0.7672920000000001,1,1.0,6.0
754,0.6666666666666666,0.5,1.6,0.2,0.4,0.65,0,0.0,7.0
556,0.3333333333333333,0.5,1.6,0.2,0.0,0.396,1,1.0,13.0
850,1.0,0.0,0.13333333333333333,0.8,0.4,0.31275,0,0.0,9.0
577,0.3333333333333333,0.5,1.3,0.2,0.0,0.5589999999999999,1,0.0,7.0
85,1.0,0.5,1.1,0.6,0.0,0.1585,0,0.0,7.0
242,0.6666666666666666,0.0,0.9666666666666667,0.0,0.0,0.105,0,0.0,6.0
698,0.3333333333333333,0.0,1.6333333333333333,0.2,0.2,1.108833,1,1.0,6.0
159,1.0,0.0,0.15247223333333335,1.6,0.4,0.6955,0,0.0,9.0
524,1.0,0.0,1.0792180999999998,0.0,0.0,0.072292,0,1.0,6.0
35,0.3333333333333333,0.0,1.4,0.2,0.0,0.52,0,0.0,6.0
540,0.3333333333333333,0.5,1.2,0.0,0.4,0.71,1,0.0,8.0
170,0.3333333333333333,0.0,2.033333333333333,0.0,0.0,0.335,1,0.0,6.0
654,1.0,0.5,0.6,0.0,0.0,0.0675,0,0.5,8.0
786,1.0,0.5,0.6,0.0,0.0,0.074958,0,0.0,8.0
755,0.6666666666666666,0.0,0.022333333333333334,0.2,0.2,0.145,0,0.0,9.0
838,1.0,0.0,1.0666666666666667,0.0,0.0,0.5649580000000001,0,0.0,6.0
95,1.0,0.0,1.0792180999999998,0.0,0.0,0.0805,0,0.0,6.0
563,1.0,0.0,1.0792180999999998,0.0,0.0,0.0805,0,0.0,6.0
240,1.0,0.5,0.7257991,0.2,0.0,0.144542,0,1.0,8.0
574,1.0,0.0,0.5333333333333333,0.0,0.0,0.0805,0,0.0,6.0
690,0.3333333333333333,0.0,1.0333333333333334,0.2,0.0,0.57,1,0.0,6.0
460,0.3333333333333333,0.0,1.6,0.0,0.0,0.2655,1,0.0,6.0
553,1.0,0.0,0.7333333333333333,0.0,0.0,0.07225,0,1.0,6.0
780,1.0,0.5,0.43333333333333335,0.0,0.0,0.072292,0,1.0,8.0
206,1.0,0.0,1.0666666666666667,0.2,0.0,0.1585,0,0.0,6.0
392,1.0,0.0,0.9333333333333333,0.4,0.0,0.07925,0,0.0,6.0
397,0.6666666666666666,0.0,1.5333333333333334,0.0,0.0,0.26,0,0.0,6.0
756,1.0,0.0,0.9333333333333333,0.0,0.0,0.077958,0,0.0,6.0
217,0.6666666666666666,0.0,1.4,0.2,0.0,0.27,0,0.0,6.0
4,1.0,0.0,1.1666666666666667,0.0,0.0,0.0805,0,0.0,6.0
642,1.0,0.5,0.06666666666666667,0.6,0.4,0.27899999999999997,0,0.0,8.0
797,1.0,0.5,1.0333333333333334,0.0,0.0,0.086833,0,0.0,7.0
612,1.0,0.5,0.7257991,0.2,0.0,0.155,0,0.5,8.0
738,1.0,0.0,1.0792180999999998,0.0,0.0,0.078958,0,0.0,6.0
546,0.6666666666666666,0.5,0.6333333333333333,0.2,0.0,0.26,0,0.0,7.0
725,1.0,0.0,0.6666666666666666,0.0,0.0,0.086625,0,0.0,6.0
683,1.0,0.0,0.4666666666666667,1.0,0.4,0.469,0,0.0,6.0
98,0.6666666666666666,0.5,1.1333333333333333,0.0,0.2,0.23,0,0.0,7.0
727,1.0,0.5,0.7257991,0.0,0.0,0.077375,0,0.5,8.0
573,1.0,0.5,0.7257991,0.0,0.0,0.0775,0,0.5,8.0
406,1.0,0.0,1.7,0.0,0.0,0.0775,0,0.0,6.0
502,1.0,0.5,0.7257991,0.0,0.0,0.076292,0,0.5,8.0
47,1.0,0.5,0.7257991,0.0,0.0,0.0775,0,0.5,8.0
32,1.0,0.5,0.7257991,0.0,0.0,0.0775,0,0.5,8.0
200,1.0,0.0,0.9333333333333333,0.0,0.0,0.095,0,0.0,6.0
134,0.6666666666666666,0.0,0.8333333333333334,0.0,0.0,0.13,0,0.0,6.0
27,0.3333333333333333,0.0,0.6333333333333333,0.6,0.4,2.63,1,0.0,6.0
847,1.0,0.0,1.1666666666666667,0.0,0.0,0.078958,0,1.0,6.0
230,0.3333333333333333,0.5,1.1666666666666667,0.2,0.0,0.83475,1,0.0,7.0
489,1.0,0.0,0.3,0.2,0.2,0.159,0,0.0,9.0
378,1.0,0.0,0.6666666666666666,0.0,0.0,0.040125,0,1.0,6.0
288,0.6666666666666666,0.0,1.4,0.0,0.0,0.13,0,0.0,6.0
418,0.6666666666666666,0.0,1.0,0.0,0.0,0.13,0,0.0,6.0
674,0.6666666666666666,0.0,1.0792180999999998,0.0,0.0,0.0,0,0.0,6.0
391,1.0,0.0,0.7,0.0,0.0,0.077958,0,0.0,6.0
592,1.0,0.0,1.5666666666666667,0.0,0.0,0.0725,0,0.0,6.0
498,0.3333333333333333,0.5,0.8333333333333334,0.2,0.4,1.5155,1,0.0,7.0
138,1.0,0.0,0.5333333333333333,0.0,0.0,0.092167,0,0.0,6.0
62,0.3333333333333333,0.0,1.5,0.2,0.0,0.83475,1,0.0,6.0
471,1.0,0.0,1.2666666666666666,0.0,0.0,0.086625,0,0.0,6.0
647,0.3333333333333333,0.0,1.8666666666666667,0.0,0.0,0.355,1,1.0,4.0
128,1.0,0.5,0.7257991,0.2,0.2,0.223583,1,1.0,8.0
867,0.3333333333333333,0.0,1.0333333333333334,0.0,0.0,0.504958,1,0.0,6.0
520,0.3333333333333333,0.5,1.0,0.0,0.0,0.935,1,0.0,8.0
64,0.3333333333333333,0.0,1.0792180999999998,0.0,0.0,0.277208,0,1.0,6.0
14,1.0,0.5,0.4666666666666667,0.0,0.0,0.078542,0,0.0,8.0
156,1.0,0.5,0.5333333333333333,0.0,0.0,0.077333,0,0.5,8.0
40,1.0,0.5,1.3333333333333333,0.2,0.0,0.09475,0,0.0,7.0
492,0.3333333333333333,0.0,1.8333333333333333,0.0,0.0,0.305,1,0.0,6.0
379,1.0,0.0,0.6333333333333333,0.0,0.0,0.07775,0,0.0,6.0
187,0.3333333333333333,0.0,1.5,0.0,0.0,0.2655,0,0.0,6.0
763,0.3333333333333333,0.5,1.2,0.2,0.4,1.2,1,0.0,7.0
216,1.0,0.5,0.9,0.0,0.0,0.07925,0,0.0,8.0
52,0.3333333333333333,0.5,1.6333333333333333,0.2,0.0,0.7672920000000001,1,1.0,7.0
337,0.3333333333333333,0.5,1.3666666666666667,0.0,0.0,1.345,1,1.0,8.0
748,0.3333333333333333,0.0,0.6333333333333333,0.2,0.0,0.531,1,0.0,6.0
719,1.0,0.0,1.1,0.0,0.0,0.07775,0,0.0,6.0
724,0.3333333333333333,0.0,0.9,0.2,0.0,0.531,1,0.0,6.0
295,0.3333333333333333,0.0,1.0792180999999998,0.0,0.0,0.277208,0,1.0,6.0
701,0.3333333333333333,0.0,1.1666666666666667,0.0,0.0,0.262875,1,0.0,6.0
251,1.0,0.5,0.9666666666666667,0.2,0.2,0.10462500000000001,1,0.0,7.0
726,0.6666666666666666,0.5,1.0,0.6,0.0,0.21,0,0.0,7.0
461,1.0,0.0,1.1333333333333333,0.0,0.0,0.0805,0,0.0,6.0
455,1.0,0.0,0.9666666666666667,0.0,0.0,0.078958,0,1.0,6.0
887,0.3333333333333333,0.5,0.6333333333333333,0.0,0.0,0.3,1,0.0,8.0
269,0.3333333333333333,0.5,1.1666666666666667,0.0,0.0,1.356333,1,0.0,8.0
201,1.0,0.0,1.0792180999999998,1.6,0.4,0.6955,0,0.0,6.0
161,0.6666666666666666,0.5,1.3333333333333333,0.0,0.0,0.1575,0,0.0,7.0
555,0.3333333333333333,0.0,2.066666666666667,0.0,0.0,0.2655,0,0.0,6.0
729,1.0,0.5,0.8333333333333334,0.2,0.0,0.07925,0,0.0,8.0
401,1.0,0.0,0.8666666666666667,0.0,0.0,0.0805,0,0.0,6.0
702,1.0,0.5,0.6,0.0,0.2,0.144542,0,1.0,8.0
476,0.6666666666666666,0.0,1.1333333333333333,0.2,0.0,0.21,0,0.0,6.0
771,1.0,0.0,1.6,0.0,0.0,0.078542,0,0.0,6.0
105,1.0,0.0,0.9333333333333333,0.0,0.0,0.078958,0,0.0,6.0
565,1.0,0.0,0.8,0.4,0.0,0.2415,0,0.0,6.0
389,0.6666666666666666,0.5,0.5666666666666667,0.0,0.0,0.12,0,1.0,8.0
1,0.3333333333333333,0.5,1.2666666666666666,0.2,0.0,0.7128329999999999,1,1.0,7.0
832,1.0,0.0,1.0792180999999998,0.0,0.0,0.072292,0,1.0,6.0
561,1.0,0.0,1.3333333333333333,0.0,0.0,0.078958,0,0.0,6.0
80,1.0,0.0,0.7333333333333333,0.0,0.0,0.09,0,0.0,6.0
205,1.0,0.5,0.06666666666666667,0.0,0.2,0.10462500000000001,1,0.0,8.0
34,0.3333333333333333,0.0,0.9333333333333333,0.2,0.0,0.821708,0,1.0,6.0
775,1.0,0.0,0.6,0.0,0.0,0.0775,0,0.0,6.0
508,1.0,0.0,0.9333333333333333,0.0,0.0,0.22524999999999998,0,0.0,6.0
427,0.6666666666666666,0.5,0.6333333333333333,0.0,0.0,0.26,0,0.0,8.0
454,1.0,0.0,1.0792180999999998,0.0,0.0,0.0805,0,0.0,6.0
366,0.3333333333333333,0.5,2.0,0.2,0.0,0.7525,1,1.0,7.0
91,1.0,0.0,0.6666666666666666,0.0,0.0,0.078542,0,0.0,6.0
339,0.3333333333333333,0.0,1.5,0.0,0.0,0.355,1,0.0,6.0
564,1.0,0.5,0.7257991,0.0,0.0,0.0805,0,0.0,8.0
345,0.6666666666666666,0.5,0.8,0.0,0.0,0.13,1,0.0,8.0
776,1.0,0.0,1.0792180999999998,0.0,0.0,0.0775,1,0.5,6.0
241,1.0,0.5,0.7257991,0.2,0.0,0.155,0,0.5,8.0
13,1.0,0.0,1.3,0.2,1.0,0.31275,0,0.0,6.0
315,1.0,0.5,0.8666666666666667,0.0,0.0,0.078542,0,0.0,8.0
600,0.6666666666666666,0.5,0.8,0.4,0.2,0.27,0,0.0,7.0
387,0.6666666666666666,0.5,1.2,0.0,0.0,0.13,0,0.0,8.0
273,0.3333333333333333,0.0,1.2333333333333334,0.0,0.2,0.297,1,1.0,6.0
166,0.3333333333333333,0.5,1.1966049333333333,0.0,0.2,0.55,1,0.0,7.0
883,0.6666666666666666,0.0,0.9333333333333333,0.0,0.0,0.105,0,0.0,6.0
646,1.0,0.0,0.6333333333333333,0.0,0.0,0.078958,0,0.0,6.0
818,1.0,0.0,1.4333333333333333,0.0,0.0,0.0645,0,0.0,6.0
484,0.3333333333333333,0.0,0.8333333333333334,0.2,0.0,0.910792,1,1.0,6.0
873,1.0,0.0,1.5666666666666667,0.0,0.0,0.09,0,0.0,6.0
504,0.3333333333333333,0.5,0.5333333333333333,0.0,0.0,0.865,1,0.0,8.0
831,0.6666666666666666,0.0,0.027666666666666666,0.2,0.2,0.1875,0,0.0,9.0
243,1.0,0.0,0.7333333333333333,0.0,0.0,0.07125,0,0.0,6.0
566,1.0,0.0,0.6333333333333333,0.0,0.0,0.078958,0,0.0,6.0
562,0.6666666666666666,0.0,0.9333333333333333,0.0,0.0,0.135,0,0.0,6.0
686,1.0,0.0,0.4666666666666667,0.8,0.2,0.396875,0,0.0,6.0
189,1.0,0.0,1.2,0.0,0.0,0.078958,0,0.0,6.0
782,0.3333333333333333,0.0,0.9666666666666667,0.0,0.0,0.3,1,0.0,6.0
699,1.0,0.0,1.4,0.0,0.0,0.0765,1,0.0,6.0
475,0.3333333333333333,0.0,1.0792180999999998,0.0,0.0,0.52,1,0.0,6.0
681,0.3333333333333333,0.0,0.9,0.0,0.0,0.7672920000000001,1,1.0,6.0
510,1.0,0.0,0.9666666666666667,0.0,0.0,0.0775,0,0.5,6.0
58,0.6666666666666666,0.5,0.16666666666666666,0.2,0.4,0.2775,0,0.0,8.0
474,1.0,0.5,0.7333333333333333,0.0,0.0,0.098375,0,0.0,8.0
560,1.0,0.0,1.0792180999999998,0.0,0.0,0.0775,0,0.5,6.0
747,0.6666666666666666,0.5,1.0,0.0,0.0,0.13,0,0.0,8.0
252,0.3333333333333333,0.0,2.066666666666667,0.0,0.0,0.2655,1,0.0,6.0
21,0.6666666666666666,0.0,1.1333333333333333,0.0,0.0,0.13,1,0.0,6.0
313,1.0,0.0,0.9333333333333333,0.0,0.0,0.078958,0,0.0,6.0
459,1.0,0.0,1.0792180999999998,0.0,0.0,0.0775,0,0.5,6.0
160,1.0,0.0,1.4666666666666666,0.0,0.2,0.161,0,0.0,6.0
276,1.0,0.5,1.5,0.0,0.0,0.0775,0,0.0,8.0
191,0.6666666666666666,0.0,0.6333333333333333,0.0,0.0,0.13,0,0.0,6.0
385,0.6666666666666666,0.0,0.6,0.0,0.0,0.735,0,0.0,6.0
805,1.0,0.0,1.0333333333333334,0.0,0.0,0.07775,0,0.0,6.0
413,0.6666666666666666,0.0,1.0792180999999998,0.0,0.0,0.0,0,0.0,6.0
491,1.0,0.0,0.7,0.0,0.0,0.0725,0,0.0,6.0
343,0.6666666666666666,0.0,0.8333333333333334,0.0,0.0,0.13,0,0.0,6.0
769,1.0,0.0,1.0666666666666667,0.0,0.0,0.083625,0,0.0,6.0
308,0.6666666666666666,0.0,1.0,0.2,0.0,0.24,0,1.0,6.0
661,1.0,0.0,1.3333333333333333,0.0,0.0,0.07225,0,1.0,6.0
130,1.0,0.0,1.1,0.0,0.0,0.078958,0,1.0,6.0
663,1.0,0.0,1.2,0.0,0.0,0.074958,0,0.0,6.0
871,0.3333333333333333,0.5,1.5666666666666667,0.2,0.2,0.5255420000000001,1,0.0,7.0
99,0.6666666666666666,0.0,1.1333333333333333,0.2,0.0,0.26,0,0.0,6.0
372,1.0,0.0,0.6333333333333333,0.0,0.0,0.0805,0,0.0,6.0
87,1.0,0.0,1.0792180999999998,0.0,0.0,0.0805,0,0.0,6.0
458,0.6666666666666666,0.5,1.6666666666666667,0.0,0.0,0.105,0,0.0,8.0
330,1.0,0.5,0.7257991,0.4,0.0,0.2325,0,0.5,8.0
214,1.0,0.0,1.0792180999999998,0.2,0.0,0.0775,0,0.5,6.0
466,0.6666666666666666,0.0,1.0792180999999998,0.0,0.0,0.0,0,0.0,6.0
121,1.0,0.0,1.0792180999999998,0.0,0.0,0.0805,0,0.0,6.0
614,1.0,0.0,1.1666666666666667,0.0,0.0,0.0805,0,0.0,6.0
20,0.6666666666666666,0.0,1.1666666666666667,0.0,0.0,0.26,0,0.0,6.0
700,0.3333333333333333,0.5,0.6,0.2,0.0,2.27525,1,1.0,7.0
71,1.0,0.5,0.5333333333333333,1.0,0.4,0.469,0,0.0,8.0
106,1.0,0.5,0.7,0.0,0.0,0.0765,0,0.0,8.0
270,0.3333333333333333,0.0,1.0792180999999998,0.0,0.0,0.31,0,0.0,6.0
860,1.0,0.0,1.3666666666666667,0.4,0.0,0.141083,0,0.0,6.0
435,0.3333333333333333,0.5,0.4666666666666667,0.2,0.4,1.2,1,0.0,8.0
102,0.3333333333333333,0.0,0.7,0.0,0.2,0.772875,1,0.0,6.0
